-9.983271509440829750e-01
-3.237481095554026744e-01
1.003174144685792468e+00
-5.087548377609272254e-01
-2.300878312479102961e-01
-9.196635225132553382e-01
-1.328386563172850865e+00
-1.312483247360757554e-01
-3.796988089460057170e-01
-5.269965606806548131e-01
-1.278218835220074290e+00
-1.442771958249890740e-01
-5.792108206677207827e-01
-9.057466050105966726e-02
-9.790214575377182982e-01
-3.566383364443933418e-02
-7.185131969255229567e-01
-5.532580013634592619e-01
-7.218251354163033318e-01
-9.369959534286553815e-01
-2.671523937355468337e-01
3.132893103813436109e-01
-3.755829951739920181e-01
6.497731930211086970e-02
-1.796261403663469425e-01
-9.231782304679085893e-01
-7.449604782057891450e-01
-2.399811563443665641e-01
-8.892557718791531673e-01
1.289529800463992126e+00
-7.384143672417782245e-01
-5.851078171989330251e-02
-3.916920486376029298e-01
1.627158528207913457e-01
-2.728520215970610223e-04
-4.021419413025288936e-01
-6.129902061751965059e-01
-3.305046273258645528e-01
-3.354381748060654700e-01
-6.468191988150107097e-01
-8.698701618461839313e-01
-6.582347068169445148e-01
1.024022495630949159e+00
-8.325124235415970464e-02
-7.830109831597236170e-01
-2.298423332777455030e-01
-7.889786817846630163e-01
-7.174291409147075527e-01
8.112214302360917229e-01
-1.303389456467693996e-01
-3.361904584746742697e-01
-1.072102134428052911e-01
-8.215780739784509512e-01
-5.987106546249988392e-01
-1.778743735838269335e-01
-3.410793243514674833e-01
-2.997575164431305894e-01
-6.841141798343265412e-01
-6.682836824370748108e-01
-1.516322111195730626e-01
4.755707662506267197e-02
-7.023324502343515352e-01
-7.838790840967583273e-01
-3.892564722300397295e-01
